octave:3> mt404_p02()
ans =

   2.0387e-02   3.0580e-03   1.2127e-02   7.2978e-02   1.4011e-01
   1.0107e-02   1.3899e-04   2.6698e-04   5.6897e-04   1.5927e-02
   1.3680e-01   2.7278e-01   5.5286e-01   1.3628e+00   1.6472e+00
