octave-3.2.4.exe:21> mt404_p01q01b
x =

   0.32841
   0.24043
   0.90153

y =

   0.11561
   0.57534
   0.35541

ans =  4
ans =

   0.0046531   0.0231555   0.0143040
   0.0034065   0.0169522   0.0104720
   0.0127732   0.0635641   0.0392660

x =

   0.906594
   0.675470
   0.021946

y =

   0.45306
   0.62479
   0.90165

ans =  6
ans =

   0.1850046   0.2551269   0.3681816
   0.1378403   0.1900859   0.2743189
   0.0044784   0.0061758   0.0089125

x =

   0.49019
   0.57771
   0.51574
   0.42799

y =

   0.342283
   0.100903
   0.076739
   0.939106

ans =  5
ans =

   0.0333247   0.0098239   0.0074713   0.0914315
   0.0392745   0.0115779   0.0088053   0.1077557
   0.0350621   0.0103361   0.0078608   0.0961983
   0.0290965   0.0085775   0.0065234   0.0798307

x =

   0.376293
   0.590807
   0.871077
   0.017522

y =

   0.65410
   0.11643
   0.82047
   0.63365

ans =  10
ans =

   0.3524971   0.0627451   0.4421590   0.3414810
   0.5534460   0.0985144   0.6942218   0.5361500
   0.8159927   0.1452481   1.0235505   0.7904917
   0.0164136   0.0029217   0.0205886   0.0159007
