ans =

   6.7210e-06   6.1547e-06   1.9001e-06
   3.1766e-05   2.9090e-05   8.9808e-06
   1.3059e-04   1.1959e-04   3.6920e-05

ans =

   0.042253   0.026344   0.050052
   0.070425   0.043909   0.083424
   0.041366   0.025791   0.049001

ans =

   5.4156   4.5240   5.9109   1.5917
   4.6745   3.9050   5.1021   1.3739
   5.0111   4.1862   5.4695   1.4728
   5.8522   4.8888   6.3875   1.7200

ans =

   0.0745109   0.0319828   0.0866276   0.1362795
   0.0178315   0.0076539   0.0207312   0.0326136
   0.0099181   0.0042572   0.0115309   0.0181400
   0.0325165   0.0139573   0.0378042   0.0594722

ans =

   0.23684   0.41853   0.17859   0.14352   0.37352   0.73706
   0.20208   0.35710   0.15238   0.12246   0.31870   0.62888
   0.35357   0.62481   0.26661   0.21426   0.55761   1.10033
   0.21360   0.37747   0.16107   0.12944   0.33687   0.66474
   0.54319   0.95990   0.40960   0.32916   0.85666   1.69044
   0.18664   0.32983   0.14074   0.11310   0.29435   0.58084

ans =

   1.03194   3.30406   0.61454   0.90717   1.65472   2.01395
   0.77320   2.47564   0.46046   0.67971   1.23984   1.50899
   1.90995   6.11525   1.13741   1.67901   3.06261   3.72748
   2.05107   6.56709   1.22145   1.80307   3.28890   4.00289
   1.67168   5.35239   0.99552   1.46956   2.68056   3.26248
   1.55070   4.96501   0.92347   1.36320   2.48655   3.02636
