octave-3.2.4.exe:15> mt404_p01q03b
A =

   0.75599   0.66659
   0.00000   0.52320

ans =

   0.57153   0.85269
   0.00000   0.27374

A =

   0.46393   0.70437   0.58727   0.85690   0.37865
   0.00000   0.26664   0.65452   0.53832   0.83735
   0.00000   0.00000   0.01368   0.85031   0.16235
   0.00000   0.00000   0.00000   0.50134   0.94629
   0.00000   0.00000   0.00000   0.00000   0.67424

ans =

   0.21523   0.51459   0.74151   1.70568   1.92700
   0.00000   0.07110   0.18348   0.96997   1.40352
   0.00000   0.00000   0.00019   0.43792   0.91633
   0.00000   0.00000   0.00000   0.25134   1.11244
   0.00000   0.00000   0.00000   0.00000   0.45460
